=== avg_energy_by_genre ===
classical: 0.0297
country: 0.70825
electronic: 0.7473636363636363
hip-hop: 0.7966666666666667
house: 0.876
indie: 0.7093333333333334
jazz: 0.3488230769230769
metal: 0.9103333333333333
pop: 0.761
punk: 0.8844666666666666
rnb: 0.5412857142857143
rock: 0.8316111111111111

=== avg_danceability_by_genre ===
classical: 0.231
country: 0.6045
electronic: 0.648
hip-hop: 0.7003333333333334
house: 0.666
indie: 0.5397333333333333
jazz: 0.5489999999999999
metal: 0.45049999999999996
pop: 0.7183076923076922
punk: 0.4726
rnb: 0.6238571428571429
rock: 0.4925555555555555

=== avg_valence_by_genre ===
classical: 0.07
country: 0.6457499999999999
electronic: 0.5406363636363637
hip-hop: 0.6546666666666666
house: 0.552
indie: 0.39620000000000005
jazz: 0.5292307692307692
metal: 0.37128333333333335
pop: 0.5474615384615384
punk: 0.6348
rnb: 0.2951428571428571
rock: 0.4432055555555556

